123456789011
123456789011123456789011123456789011123456789011123456789011123456789011123456789011123456789011123456789011123456789011123456789011123456789011123456789011123456789011123456789011123456789011123456789011123456789011123456789011123456789011123456789011123456789011123456789011123456789011123456789011123456789011123456789011123456789011
123456789011123456789011123456789011123456789011123456789011
123456789011123456789011123456789011123456789011
123456789011123456789011123456789011
123456789011123456789011123456789011
123456789011123456789011123456789011
123456789011123456789011123456789011123456789011123456789011123456789011123456789011123456789011
123456789011123456789011123456789011123456789011123456789011123456789011123456789011
123456789011123456789011123456789011123456789011123456789011123456789011
123456789011123456789011123456789011123456789011123456789011123456789011123456789011
123456789011123456789011123456789011123456789011123456789011
123456789011123456789011123456789011123456789011123456789011123456789011123456789011123456789011